Effect Size,N,Power
